OP 0 - Saida 8

50 34 01 30 [P 4 VER OP(em hexa)
00000000 00000000 00000000 00000000 00000000 00000000 00000000 00000000
00000000 00000000 00000000 00000000 00010010 00110100 01010000 00110100
00000001 00110000 00000000 00000000 00000000 00001000 00000000 00000000
00000000 00000000 00000000 00000000 10111010 10111010

OP 1 - Saida 0
00000000 00000000 00000000 00000000 00000000 00000000 00000000 00000000
00000000 00000000 00000000 00000000 00010010 00110100 01010000 00110100
00000001 00110001 00000000 00000000 00000000 00000000 00000000 00000000
00000000 00000000 00000000 00000000 10111010 10111010

OP 2 - Saida 30 
00000000 00000000 00000000 00000000 00000000 00000000 00000000 00000000
00000000 00000000 00000000 00000000 00010010 00110100 01010000 00110100
00000001 00110010 00000000 00000000 00000000 00011110 00000000 00000000
00000000 00000000 00000000 00000000 10111010 10111010

OP 3 - Saida 0 [enq_timestamp]
00000000 00000000 00000000 00000000 00000000 00000000 00000000 00000000
00000000 00000000 00000000 00000000 00010010 00110100 01010000 00110100
00000001 00110011 00000000 00000000 00000000 00011110 00000000 00000000
00000000 00000000 00000000 00000000 10111010 10111010

OP 4 - Saida 0 [enq_qdepth]
00000000 00000000 00000000 00000000 00000000 00000000 00000000 00000000
00000000 00000000 00000000 00000000 00010010 00110100 01010000 00110100
00000001 00110100 00000000 00000000 00000000 00011110 00000000 00000000
00000000 00000000 00000000 00000000 10111010 10111010


OP 5 - Saida 0 [ing_tmp]
00000000 00000000 00000000 00000000 00000000 00000000 00000000 00000000
00000000 00000000 00000000 00000000 00010010 00110100 01010000 00110100
00000001 00110101 00000000 00000000 00000000 00000000 00000000 00000000
00000101 01100011 00000011 10111000 10111010 10111010

OP 6 - Saida 0 [eg_tmp]
00000000 00000000 00000000 00000000 00000000 00000000 00000000 00000000
00000000 00000000 00000000 00000000 00010010 00110100 01010000 00110100
00000001 00110110 00000000 00000000 00000000 00000000 00000000 00000000
00000000 00000000 00000000 00000000 10111010 10111010


